0.000000 0.000000 0.000000 0.000000 1.929404 0.369050 0.000000 0.384898 0.000000 4.812350 1.710700 0.000000 5.906861 0.000000 0.000000 0.000000 0.000000 2.249197 4.331068 0.000000 0.000000 0.000000 0.000000 0.000000 0.000000 0.000000 1.455159 0.000000 0.000000 0.000000 0.000000 0.000000 0.000000 0.000000 0.000000 6.703909 0.000000 2.716132 0.000000 0.000000 1.570187 0.000000 0.000000 0.000000 3.156136 0.000000 0.000000 0.000000 0.000000 0.000000 2.992140 0.000000 0.000000 0.000000 3.638390 0.000000 0.000000 0.000000 4.853912 0.000000 4.865140 1.395587 4.691489 0.000000
0.000000 0.000000 0.000000 0.000000 7.401893 8.505049 0.000000 2.558316 0.000000 3.214468 0.000000 0.000000 3.581218 0.000000 0.000000 0.000000 0.000000 3.360989 2.555474 3.390630 0.000000 0.000000 0.000000 0.000000 0.000000 0.000000 4.542078 0.371236 0.000000 0.000000 0.000000 0.000000 2.012306 0.000000 0.000000 4.064134 0.000000 6.976401 0.000000 0.000000 5.028571 0.000000 0.000000 0.000000 2.468479 0.000000 0.000000 0.000000 0.000000 0.000000 0.000000 0.000000 0.000000 0.000000 4.606527 0.000000 1.983698 0.000000 1.175105 6.738686 2.210760 8.435282 0.000000 0.000000
0.000000 0.000000 0.000000 0.000000 4.014426 3.696563 0.000000 1.123491 0.000000 3.924719 0.000000 0.000000 4.140967 0.000000 0.000000 0.000000 0.000000 2.749672 3.246981 0.000000 0.000000 0.000000 0.000000 0.000000 0.000000 0.000000 1.874499 0.566166 0.173488 0.000000 0.000000 0.000000 0.000000 0.000000 0.000000 5.408498 0.000000 4.107879 0.000000 0.000000 3.629622 0.000000 0.000000 0.000000 3.223984 0.000000 0.000000 0.000000 0.000000 0.000000 1.564350 0.000000 0.000000 0.000000 2.958321 0.000000 0.000000 0.000000 3.187549 1.673382 3.441023 3.489985 0.215576 0.000000
0.000000 0.000000 0.000000 0.000000 18.542727 18.305292 0.000000 9.115809 0.000000 0.508196 0.000000 0.581011 6.423254 0.000000 0.000000 0.000000 0.000000 10.990035 0.972903 12.240522 0.000000 0.000000 0.000000 0.000000 0.000000 0.000000 11.306145 6.564960 3.302860 0.000000 0.000000 0.000000 0.797937 0.000000 0.000000 6.330167 3.807076 16.635900 0.000000 0.000000 14.103436 0.000000 0.000000 0.000000 0.301899 0.000000 0.000000 0.000000 8.313865 0.000000 0.967613 0.000000 0.000000 0.000000 5.172278 0.000000 0.836707 0.000000 3.775290 2.252392 5.111180 17.492197 0.000000 0.000000
0.000000 0.000000 0.000000 0.000000 20.609779 19.800203 0.000000 10.656651 0.000000 0.000000 0.000000 1.989716 6.472558 0.000000 0.000000 2.017246 0.000000 12.095725 0.000000 13.976397 0.000000 0.000000 0.000000 0.000000 0.000000 0.000000 12.310289 7.998285 4.043455 0.000000 0.000000 0.000000 1.486365 0.000000 0.000000 6.200310 4.339648 18.325245 0.000000 0.000000 15.640539 0.000000 0.000000 0.000000 0.000000 0.000000 0.000000 0.000000 10.122471 0.000000 0.958353 0.000000 0.000000 0.000000 4.727223 0.000000 0.000000 0.000000 3.682636 1.198858 7.334783 18.859049 0.000000 0.000000
0.000000 0.000000 0.000000 0.000000 4.307325 1.081913 0.000000 2.510132 0.000000 3.138836 3.871377 0.000000 6.096201 0.000000 0.000000 0.000000 0.000000 2.958611 2.626071 0.000000 0.000000 0.000000 0.000000 0.000000 0.000000 0.000000 2.420319 0.322671 0.000000 0.000000 0.000000 0.000000 0.000000 0.000000 0.000000 6.387947 0.000000 4.329646 0.000000 0.000000 2.692959 0.000000 0.000000 0.000000 0.000000 0.000000 0.000000 0.000000 0.000000 0.000000 2.744463 0.000000 0.000000 0.000000 2.949703 0.000000 0.000000 0.000000 4.638083 0.000000 9.814980 2.325212 8.030408 0.000000
0.000000 0.000000 0.000000 0.000000 15.169413 15.565760 0.000000 7.585143 0.000000 0.460608 0.000000 0.000000 5.250181 0.000000 0.000000 0.157302 0.000000 9.046482 0.907042 9.904947 0.000000 0.000000 0.000000 0.000000 0.000000 0.000000 9.083112 5.549078 2.338776 0.000000 0.000000 0.000000 1.898094 0.000000 0.000000 5.242796 2.498353 14.169201 0.000000 0.000000 11.803969 0.000000 0.000000 0.000000 0.021504 0.000000 0.000000 0.000000 6.270002 0.000000 0.479070 0.000000 0.000000 0.000000 4.253965 0.000000 0.123288 0.000000 2.798799 2.336258 5.551924 14.855691 0.000000 0.000000
0.000000 0.000000 0.000000 0.000000 9.705870 10.476979 0.000000 4.051013 0.000000 2.444218 0.000000 0.000000 4.367895 0.000000 0.000000 0.000000 0.000000 5.280553 2.268963 5.197784 0.000000 0.000000 0.000000 0.000000 0.000000 0.000000 5.734850 2.123342 0.000000 0.000000 0.000000 0.000000 1.508492 0.000000 0.000000 4.777714 0.000000 9.120223 0.000000 0.000000 7.195855 0.000000 0.000000 0.000000 2.100127 0.000000 0.000000 0.000000 1.413027 0.000000 0.000000 0.000000 0.000000 0.000000 4.406832 0.000000 1.269074 0.000000 2.150388 4.635870 3.147842 10.148044 0.000000 0.000000
0.000000 0.000000 0.000000 0.000000 4.327814 1.133507 0.000000 2.462861 0.000000 3.622442 4.134336 0.000000 7.007509 0.000000 0.000000 0.000000 0.000000 3.315272 3.503442 0.000000 0.000000 0.000000 0.000000 0.000000 0.000000 0.000000 2.780020 0.000000 0.000000 0.000000 0.000000 0.000000 0.000000 0.000000 0.000000 7.033520 0.000000 4.583488 0.000000 0.000000 2.662183 0.000000 0.000000 0.000000 0.463548 0.000000 0.000000 0.000000 0.000000 0.000000 3.184085 0.000000 0.000000 0.000000 3.594805 0.000000 0.000000 0.000000 5.488511 0.000000 9.066395 2.682495 8.509086 0.000000
0.000000 0.000000 0.000000 0.000000 2.647580 0.146708 0.000000 1.233106 0.000000 4.645099 3.722857 0.000000 7.291752 0.000000 0.000000 0.000000 0.000000 2.760134 4.720274 0.000000 0.000000 0.000000 0.000000 0.000000 0.000000 0.000000 2.132761 0.000000 0.000000 0.000000 0.000000 0.000000 0.000000 0.000000 0.000000 7.362700 0.000000 3.484619 0.000000 0.000000 1.611734 0.000000 0.000000 0.000000 2.419708 0.000000 0.000000 0.000000 0.000000 0.000000 3.463676 0.000000 0.000000 0.000000 4.102505 0.000000 0.000000 0.000000 5.920943 0.000000 6.816227 1.858518 7.784833 0.000000
0.000000 0.000000 0.000000 0.000000 15.877944 15.580019 0.000000 8.187303 0.000000 0.321928 0.000000 0.490774 6.018662 0.000000 0.000000 2.973823 0.000000 9.930960 1.008777 10.171035 0.000000 0.000000 0.000000 0.000000 0.000000 0.000000 9.257930 6.425673 4.242081 0.000000 0.000000 0.000000 0.863773 0.000000 0.000000 5.975495 2.995837 14.733782 0.000000 0.000000 12.600656 0.000000 0.000000 0.000000 0.007946 0.000000 0.000000 0.000000 6.247220 0.000000 1.343095 0.000000 0.000000 0.000000 3.979376 0.000000 0.000000 0.000000 3.865797 0.197574 6.383667 14.841654 0.000000 0.000000
0.000000 0.000000 0.000000 0.000000 3.984922 4.273478 0.000000 0.886077 0.000000 4.024326 0.000000 0.000000 3.922915 0.000000 0.000000 0.000000 0.000000 2.194147 3.587578 0.000000 0.000000 0.000000 0.000000 0.000000 0.000000 0.000000 1.686358 0.000000 0.000000 0.000000 0.000000 0.000000 0.000185 0.000000 0.000000 4.913053 0.000000 3.939080 0.000000 0.000000 3.199710 0.000000 0.000000 0.000000 3.828607 0.000000 0.000000 0.000000 0.000000 0.000000 0.578021 0.000000 0.000000 0.000000 3.435231 0.000000 0.221397 0.000000 2.676834 3.130000 2.499081 4.115516 0.000000 0.000000
0.000000 0.000000 0.000000 0.000000 12.707466 13.421042 0.000000 6.009951 0.000000 1.292702 0.000000 0.000000 4.870502 0.000000 0.000000 0.000000 0.000000 7.477269 1.563703 7.849244 0.000000 0.000000 0.000000 0.000000 0.000000 0.000000 7.585976 4.100114 1.281325 0.000000 0.000000 0.000000 1.739096 0.000000 0.000000 5.060062 1.249459 12.012389 0.000000 0.000000 9.835037 0.000000 0.000000 0.000000 1.067555 0.000000 0.000000 0.000000 4.172000 0.000000 0.289875 0.000000 0.000000 0.000000 4.300916 0.000000 0.687825 0.000000 2.564695 3.223680 4.350616 12.851037 0.000000 0.000000
0.000000 0.000000 0.000000 0.000000 30.086695 27.138634 0.000000 15.669051 0.000000 0.000000 0.000000 6.175086 9.375402 0.000000 0.000000 4.856719 0.000000 17.821321 0.000000 20.784113 0.000000 0.000000 0.000000 0.000000 0.000000 0.000000 18.103148 12.020379 7.961627 0.000000 0.000000 0.000000 0.000000 0.000000 0.000000 8.755660 8.214067 25.485037 0.000000 0.000000 22.486265 0.000000 0.000000 0.000000 0.000000 0.000000 0.000000 0.000000 16.285475 0.000000 2.465099 0.000000 0.000000 0.000000 6.094220 0.000000 0.000000 0.000000 6.234156 0.000000 8.698006 25.830446 0.000000 0.000000
0.000000 0.000000 0.000000 0.000000 16.780371 17.027569 0.000000 8.163588 0.000000 0.633351 0.000000 0.000000 5.667214 0.000000 0.000000 0.000000 0.000000 9.784417 0.970392 11.051345 0.000000 0.000000 0.000000 0.000000 0.000000 0.000000 10.263635 5.719257 2.118142 0.000000 0.000000 0.000000 1.548311 0.000000 0.000000 5.655942 2.930973 15.292049 0.000000 0.000000 12.755367 0.000000 0.000000 0.000000 0.272827 0.000000 0.000000 0.000000 7.325445 0.000000 0.463044 0.000000 0.000000 0.000000 4.927434 0.000000 0.914904 0.000000 3.008759 3.112307 4.896643 16.274736 0.000000 0.000000
0.000000 0.000000 0.000000 0.000000 1.137386 0.000000 0.000000 0.012114 0.000000 5.644437 3.010441 0.000000 7.455775 0.000000 0.000000 0.000000 0.000000 2.214313 5.851041 0.000000 0.000000 0.000000 0.000000 0.000000 0.000000 0.000000 1.468529 0.000000 0.000000 0.000000 0.000000 0.000000 0.000000 0.000000 0.000000 7.693161 0.000000 2.378990 0.000000 0.000000 0.676942 0.000000 0.000000 0.000000 4.443062 0.000000 0.000000 0.000000 0.000000 1.402065 3.653497 0.000000 0.000000 0.000000 4.635192 0.000000 0.000000 0.000000 6.267341 0.000000 4.326033 1.127375 6.628654 0.000000
0.000000 0.000000 0.000000 0.000000 5.966453 6.801245 0.000000 1.655780 0.000000 3.811547 0.000000 0.000000 3.692224 0.000000 0.000000 0.000000 0.000000 2.557909 3.077292 1.961579 0.000000 0.000000 0.000000 0.000000 0.000000 0.000000 3.383485 0.000000 0.000000 0.000000 0.000000 0.000000 1.294733 0.000000 0.000000 4.344345 0.000000 5.440053 0.000000 0.000000 3.886721 0.000000 0.000000 0.000000 3.331235 0.000000 0.000000 0.000000 0.000000 0.000000 0.000000 0.000000 0.000000 0.000000 4.525910 0.000000 2.020465 0.000000 1.582683 6.465423 1.656511 6.794354 0.000000 0.000000
0.000000 0.000000 0.000000 0.000000 0.690362 0.000000 0.000000 0.000000 0.000000 5.444395 1.066758 0.000000 5.686738 0.000000 0.000000 0.000000 0.000000 1.503566 4.895894 0.000000 0.000000 0.000000 0.000000 0.000000 0.000000 0.000000 0.604714 0.000000 0.000000 0.000000 0.000000 0.000000 0.000000 0.000000 0.000000 6.797407 0.000000 1.482678 0.000000 0.000000 0.671473 0.000000 0.000000 0.000000 4.437253 0.000000 0.000000 0.000000 0.000000 0.947721 2.884428 0.000000 0.000000 0.000000 3.919807 0.000000 0.000000 0.000000 4.818839 0.000000 3.098158 0.532585 3.593240 0.000000
0.000000 0.000000 0.000000 0.000000 14.918399 15.374290 0.000000 6.937823 0.000000 1.312585 0.000000 0.000000 5.279220 0.000000 0.000000 0.000000 0.000000 8.424264 1.397741 9.491794 0.000000 0.000000 0.000000 0.000000 0.000000 0.000000 9.197496 4.443566 0.695230 0.000000 0.000000 0.000000 1.573972 0.000000 0.000000 5.390928 1.488732 13.591823 0.000000 0.000000 11.123738 0.000000 0.000000 0.000000 0.906758 0.000000 0.000000 0.000000 5.750593 0.000000 0.102941 0.000000 0.000000 0.000000 5.054969 0.000000 1.440654 0.000000 2.621053 4.215366 4.013921 14.779496 0.000000 0.000000
0.000000 0.000000 0.000000 0.000000 1.489506 0.000000 0.000000 0.245355 0.000000 5.183948 2.599694 0.000000 6.743964 0.000000 0.000000 0.000000 0.000000 2.215739 5.081620 0.000000 0.000000 0.000000 0.000000 0.000000 0.000000 0.000000 1.461998 0.000000 0.000000 0.000000 0.000000 0.000000 0.000000 0.000000 0.000000 7.190114 0.000000 2.560284 0.000000 0.000000 1.060573 0.000000 0.000000 0.000000 3.645384 0.000000 0.000000 0.000000 0.000000 0.545193 3.350221 0.000000 0.000000 0.000000 4.104808 0.000000 0.000000 0.000000 5.597802 0.000000 4.886234 1.206566 6.011821 0.000000
0.000000 0.000000 0.000000 0.000000 5.568602 4.334329 0.000000 1.980852 0.000000 3.810749 0.000000 0.000000 4.828706 0.000000 0.000000 0.000000 0.000000 3.969046 2.753415 0.835725 0.000000 0.000000 0.000000 0.000000 0.000000 0.000000 3.146255 1.110884 0.762122 0.000000 0.000000 0.000000 0.000000 0.000000 0.000000 6.247881 0.000000 5.198582 0.000000 0.000000 4.713894 0.000000 0.000000 0.000000 2.411110 0.000000 0.000000 0.000000 0.000000 0.000000 2.404817 0.000000 0.000000 0.000000 3.222913 0.000000 0.000000 0.000000 3.823618 1.015442 4.277385 4.221067 0.878717 0.000000
0.000000 0.000000 0.000000 0.000000 5.590656 5.362599 0.000000 1.227748 0.000000 4.547124 0.000000 0.000000 4.736397 0.000000 0.000000 0.000000 0.000000 2.909290 4.072201 0.815579 0.000000 0.000000 0.000000 0.000000 0.000000 0.000000 2.577079 0.000000 0.000000 0.000000 0.000000 0.000000 0.000000 0.000000 0.000000 5.922033 0.000000 4.537532 0.000000 0.000000 3.891770 0.000000 0.000000 0.000000 4.826428 0.000000 0.000000 0.000000 0.000000 0.000000 0.706762 0.000000 0.000000 0.000000 4.527998 0.000000 1.619882 0.000000 3.460074 3.694786 1.117068 5.192460 0.000000 0.000000
0.000000 0.000000 0.000000 0.000000 4.702182 4.729697 0.000000 1.424572 0.000000 3.785794 0.000000 0.000000 4.193702 0.000000 0.000000 0.000000 0.000000 2.913403 3.428528 0.518651 0.000000 0.000000 0.000000 0.000000 0.000000 0.000000 2.156796 0.648496 0.062801 0.000000 0.000000 0.000000 0.000000 0.000000 0.000000 5.211414 0.000000 4.680298 0.000000 0.000000 3.998900 0.000000 0.000000 0.000000 3.507482 0.000000 0.000000 0.000000 0.000000 0.000000 1.059039 0.000000 0.000000 0.000000 3.243385 0.000000 0.000000 0.000000 3.061486 2.087909 3.084674 4.487533 0.000000 0.000000
0.000000 0.000000 0.000000 0.000000 1.862183 0.000000 0.000000 0.496342 0.000000 5.278848 2.971426 0.000000 7.329909 0.000000 0.000000 0.000000 0.000000 2.561508 5.402850 0.000000 0.000000 0.000000 0.000000 0.000000 0.000000 0.000000 1.840048 0.000000 0.000000 0.000000 0.000000 0.000000 0.000000 0.000000 0.000000 7.564530 0.000000 2.957283 0.000000 0.000000 1.235335 0.000000 0.000000 0.000000 3.810389 0.000000 0.000000 0.000000 0.000000 0.126888 3.595286 0.000000 0.000000 0.000000 4.432012 0.000000 0.000000 0.000000 6.098498 0.000000 4.982407 1.594897 6.637065 0.000000
0.000000 0.000000 0.000000 0.000000 4.088243 3.421276 0.000000 0.486221 0.000000 5.014957 0.000000 0.000000 4.881810 0.000000 0.000000 0.000000 0.000000 2.592299 4.210638 0.000000 0.000000 0.000000 0.000000 0.000000 0.000000 0.000000 1.779462 0.000000 0.109022 0.000000 0.000000 0.000000 0.000000 0.000000 0.000000 6.572862 0.000000 3.196395 0.000000 0.000000 3.145365 0.000000 0.000000 0.000000 4.964165 0.000000 0.000000 0.000000 0.000000 0.000000 1.734928 0.000000 0.000000 0.000000 4.252299 0.000000 0.885402 0.000000 4.036224 2.540743 1.183101 3.247739 0.000000 0.000000
0.000000 0.000000 0.000000 0.000000 4.952134 4.593330 0.000000 1.525317 0.000000 3.905226 0.000000 0.000000 4.445437 0.000000 0.000000 0.000000 0.000000 3.243252 3.355153 0.559538 0.000000 0.000000 0.000000 0.000000 0.000000 0.000000 2.400983 0.797085 0.483106 0.000000 0.000000 0.000000 0.000000 0.000000 0.000000 5.667350 0.000000 4.771750 0.000000 0.000000 4.239775 0.000000 0.000000 0.000000 3.460840 0.000000 0.000000 0.000000 0.000000 0.000000 1.549973 0.000000 0.000000 0.000000 3.285099 0.000000 0.000000 0.000000 3.429884 1.719586 3.127161 4.340475 0.000000 0.000000
0.000000 0.000000 0.000000 0.000000 0.718357 0.000000 0.000000 0.000000 0.000000 5.381248 2.450079 0.000000 6.492113 0.000000 0.000000 0.000000 0.000000 1.757882 5.213823 0.000000 0.000000 0.000000 0.000000 0.000000 0.000000 0.000000 0.968777 0.000000 0.000000 0.000000 0.000000 0.000000 0.000000 0.000000 0.000000 7.053209 0.000000 1.910064 0.000000 0.000000 0.538551 0.000000 0.000000 0.000000 3.974140 0.000000 0.000000 0.000000 0.000000 1.778086 3.258328 0.000000 0.000000 0.000000 4.045283 0.000000 0.000000 0.000000 5.425300 0.000000 4.400746 0.621872 5.693758 0.000000
0.000000 0.000000 0.000000 0.000000 1.935097 0.000000 0.000000 0.878639 0.000000 4.836605 4.046229 0.000000 7.362045 0.000000 0.000000 0.000000 0.000000 2.393832 4.988603 0.000000 0.000000 0.000000 0.000000 0.000000 0.000000 0.000000 1.763721 0.000000 0.000000 0.000000 0.000000 0.000000 0.000000 0.000000 0.000000 7.364913 0.000000 2.975530 0.000000 0.000000 1.044443 0.000000 0.000000 0.000000 2.633566 0.000000 0.000000 0.000000 0.000000 1.159264 3.496678 0.000000 0.000000 0.000000 4.137644 0.000000 0.000000 0.000000 6.000814 0.000000 6.744087 1.330058 8.196643 0.000000
0.000000 0.000000 0.000000 0.000000 0.730381 0.000000 0.000000 0.000000 0.000000 5.582664 2.948603 0.000000 7.098230 0.000000 0.000000 0.000000 0.000000 1.908410 5.667339 0.000000 0.000000 0.000000 0.000000 0.000000 0.000000 0.000000 1.150231 0.000000 0.000000 0.000000 0.000000 0.000000 0.000000 0.000000 0.000000 7.430420 0.000000 2.030626 0.000000 0.000000 0.425460 0.000000 0.000000 0.000000 4.272415 0.000000 0.000000 0.000000 0.000000 2.094416 3.511617 0.000000 0.000000 0.000000 4.395502 0.000000 0.000000 0.000000 5.957252 0.000000 4.412013 0.739276 6.469555 0.000000
0.000000 0.000000 0.000000 0.000000 5.257534 4.040662 0.000000 1.749502 0.000000 4.040033 0.000000 0.000000 4.973405 0.000000 0.000000 0.000000 0.000000 3.855275 2.999858 0.503572 0.000000 0.000000 0.000000 0.000000 0.000000 0.000000 3.021188 0.840512 0.728320 0.000000 0.000000 0.000000 0.000000 0.000000 0.000000 6.411988 0.000000 4.916565 0.000000 0.000000 4.451948 0.000000 0.000000 0.000000 2.747137 0.000000 0.000000 0.000000 0.000000 0.000000 2.507461 0.000000 0.000000 0.000000 3.389858 0.000000 0.000000 0.000000 3.990758 1.004369 3.927765 3.992046 0.922547 0.000000
0.000000 0.000000 0.000000 0.000000 0.676624 0.000000 0.000000 0.000000 0.000000 5.406726 0.921407 0.000000 5.539996 0.000000 0.000000 0.000000 0.000000 1.462870 4.796577 0.000000 0.000000 0.000000 0.000000 0.000000 0.000000 0.000000 0.550515 0.000000 0.000000 0.000000 0.000000 0.000000 0.000000 0.000000 0.000000 6.717155 0.000000 1.441098 0.000000 0.000000 0.691696 0.000000 0.000000 0.000000 4.397013 0.000000 0.000000 0.000000 0.000000 0.870711 2.825820 0.000000 0.000000 0.000000 3.845942 0.000000 0.000000 0.000000 4.695829 0.000000 3.047905 0.500240 3.370008 0.000000
0.000000 0.000000 0.000000 0.000000 2.490793 0.496641 0.000000 0.933395 0.000000 4.243530 2.226131 0.000000 5.702552 0.000000 0.000000 0.000000 0.000000 2.321978 3.653105 0.000000 0.000000 0.000000 0.000000 0.000000 0.000000 0.000000 1.589789 0.000000 0.000000 0.000000 0.000000 0.000000 0.000000 0.000000 0.000000 6.432066 0.000000 3.053091 0.000000 0.000000 1.842111 0.000000 0.000000 0.000000 1.931862 0.000000 0.000000 0.000000 0.000000 0.000000 2.815120 0.000000 0.000000 0.000000 3.265435 0.000000 0.000000 0.000000 4.561407 0.000000 6.381160 1.508544 5.466251 0.000000
0.000000 0.000000 0.000000 0.000000 8.443269 8.273581 0.000000 3.731355 0.000000 2.652977 0.000000 0.000000 4.913124 0.000000 0.000000 0.000000 0.000000 5.415816 2.665295 3.705132 0.000000 0.000000 0.000000 0.000000 0.000000 0.000000 4.547384 2.791692 1.873602 0.000000 0.000000 0.000000 0.000000 0.000000 0.000000 5.584532 0.000000 8.149069 0.000000 0.000000 7.031980 0.000000 0.000000 0.000000 2.350331 0.000000 0.000000 0.000000 0.000000 0.000000 1.425946 0.000000 0.000000 0.000000 3.340277 0.000000 0.000000 0.000000 3.537714 0.959248 4.371971 7.819764 0.000000 0.000000
0.000000 0.000000 0.000000 0.000000 10.529624 11.137344 0.000000 4.071480 0.000000 3.029237 0.000000 0.000000 4.497352 0.000000 0.000000 0.000000 0.000000 5.129529 2.407029 5.705997 0.000000 0.000000 0.000000 0.000000 0.000000 0.000000 6.554461 1.352057 0.000000 0.000000 0.000000 0.000000 1.395085 0.000000 0.000000 4.857753 0.000000 9.266548 0.000000 0.000000 7.115441 0.000000 0.000000 0.000000 2.431625 0.000000 0.000000 0.000000 1.726685 0.000000 0.000000 0.000000 0.000000 0.000000 5.391885 0.000000 2.642263 0.000000 1.849206 6.845354 2.000207 10.990380 0.000000 0.000000
0.000000 0.000000 0.000000 0.000000 11.503904 12.404722 0.000000 5.228352 0.000000 1.656413 0.000000 0.000000 4.490346 0.000000 0.000000 0.000000 0.000000 6.528503 1.737887 6.885129 0.000000 0.000000 0.000000 0.000000 0.000000 0.000000 6.912513 3.257107 0.142808 0.000000 0.000000 0.000000 1.962843 0.000000 0.000000 4.757189 0.237935 10.931009 0.000000 0.000000 8.757698 0.000000 0.000000 0.000000 1.306898 0.000000 0.000000 0.000000 3.258696 0.000000 0.000000 0.000000 0.000000 0.000000 4.353748 0.000000 0.996692 0.000000 2.144722 4.095554 3.892848 11.924533 0.000000 0.000000
0.000000 0.000000 0.000000 0.000000 5.987355 5.390932 0.000000 1.420645 0.000000 4.665612 0.000000 0.000000 5.139429 0.000000 0.000000 0.000000 0.000000 3.419247 4.219652 0.894045 0.000000 0.000000 0.000000 0.000000 0.000000 0.000000 2.804563 0.000000 0.267425 0.000000 0.000000 0.000000 0.000000 0.000000 0.000000 6.541386 0.000000 4.754712 0.000000 0.000000 4.356304 0.000000 0.000000 0.000000 5.044077 0.000000 0.000000 0.000000 0.000000 0.000000 1.286423 0.000000 0.000000 0.000000 4.612540 0.000000 1.444588 0.000000 4.071533 2.770941 1.058193 5.160776 0.000000 0.000000
0.000000 0.000000 0.000000 0.000000 4.204023 3.279201 0.000000 1.165075 0.000000 4.128784 0.000000 0.000000 4.510081 0.000000 0.000000 0.000000 0.000000 3.138769 3.034593 0.000000 0.000000 0.000000 0.000000 0.000000 0.000000 0.000000 2.268172 0.465755 0.352278 0.000000 0.000000 0.000000 0.000000 0.000000 0.000000 6.035780 0.000000 4.082051 0.000000 0.000000 3.722116 0.000000 0.000000 0.000000 2.915213 0.000000 0.000000 0.000000 0.000000 0.000000 2.251567 0.000000 0.000000 0.000000 3.139374 0.000000 0.000000 0.000000 3.612017 1.422782 3.675951 3.186262 0.708494 0.000000
0.000000 0.000000 0.000000 0.000000 0.000000 0.000000 0.000000 0.000000 0.000000 4.788186 1.675358 0.000000 4.033296 0.000000 0.000000 0.000000 0.000000 0.457767 3.937968 0.000000 0.000000 1.324979 0.000000 0.000000 0.000000 0.000000 0.035441 0.000000 0.000000 0.000000 0.000000 0.000000 0.000000 0.000000 0.000000 5.729750 0.000000 0.226971 0.000000 0.000000 0.122802 0.290657 0.000000 0.000000 2.671880 0.000000 0.000000 0.000000 0.000000 3.906400 2.343550 0.000000 0.000000 0.000000 3.180754 0.000000 0.000000 0.000000 3.332640 0.000000 3.731428 0.000000 3.384669 0.000000
0.000000 0.000000 0.000000 0.000000 1.235847 0.000000 0.000000 0.000000 0.000000 5.227049 1.745604 0.000000 6.141557 0.000000 0.000000 0.000000 0.000000 1.971862 4.872524 0.000000 0.000000 0.000000 0.000000 0.000000 0.000000 0.000000 1.143190 0.000000 0.000000 0.000000 0.000000 0.000000 0.000000 0.000000 0.000000 6.924718 0.000000 2.202182 0.000000 0.000000 1.037412 0.000000 0.000000 0.000000 3.913742 0.000000 0.000000 0.000000 0.000000 0.334042 3.117221 0.000000 0.000000 0.000000 3.920636 0.000000 0.000000 0.000000 5.134245 0.000000 4.094475 1.001358 4.698451 0.000000
0.000000 0.000000 0.000000 0.000000 0.214952 0.000000 0.000000 0.000000 0.000000 4.933896 2.407718 0.000000 5.490299 0.000000 0.000000 0.000000 0.000000 1.154585 4.427965 0.000000 0.000000 0.000000 0.000000 0.000000 0.000000 0.000000 0.420704 0.000000 0.000000 0.000000 0.000000 0.000000 0.000000 0.000000 0.000000 6.291551 0.000000 1.320960 0.000000 0.000000 0.240877 0.000000 0.000000 0.000000 2.978714 0.000000 0.000000 0.000000 0.000000 2.907550 2.800038 0.000000 0.000000 0.000000 3.359574 0.000000 0.000000 0.000000 4.489818 0.000000 5.109043 0.000000 5.403050 0.000000
0.000000 0.000000 0.000000 0.000000 5.254471 1.613089 0.000000 3.188766 0.000000 3.001689 4.487011 0.000000 6.844747 0.000000 0.000000 0.000000 0.000000 3.588586 2.776372 0.000000 0.000000 0.000000 0.000000 0.000000 0.000000 0.000000 3.120934 0.588162 0.000000 0.000000 0.000000 0.000000 0.000000 0.000000 0.000000 6.822518 0.000000 5.179120 0.000000 0.000000 3.209743 0.000000 0.000000 0.000000 0.000000 0.000000 0.000000 0.000000 0.000000 0.000000 3.006847 0.000000 0.000000 0.000000 3.274208 0.000000 0.000000 0.000000 5.229576 0.000000 10.517514 3.101120 9.094024 0.000000
0.000000 0.000000 0.000000 0.000000 0.326981 0.000000 0.000000 0.000000 0.000000 5.453107 1.911902 0.000000 6.042377 0.000000 0.000000 0.000000 0.000000 1.443803 5.114448 0.000000 0.000000 0.000000 0.000000 0.000000 0.000000 0.000000 0.606026 0.000000 0.000000 0.000000 0.000000 0.000000 0.000000 0.000000 0.000000 6.857453 0.000000 1.455848 0.000000 0.000000 0.340715 0.000000 0.000000 0.000000 4.209342 0.000000 0.000000 0.000000 0.000000 2.107641 3.076053 0.000000 0.000000 0.000000 3.929904 0.000000 0.000000 0.000000 5.087409 0.000000 3.777729 0.296554 4.818657 0.000000
0.000000 0.000000 0.000000 0.000000 13.803330 14.408979 0.000000 6.700292 0.000000 0.942132 0.000000 0.000000 5.034967 0.000000 0.000000 0.000000 0.000000 8.178039 1.291978 8.770342 0.000000 0.000000 0.000000 0.000000 0.000000 0.000000 8.285809 4.723012 1.696082 0.000000 0.000000 0.000000 1.804588 0.000000 0.000000 5.131512 1.797295 12.992409 0.000000 0.000000 10.717080 0.000000 0.000000 0.000000 0.628294 0.000000 0.000000 0.000000 5.126525 0.000000 0.364461 0.000000 0.000000 0.000000 4.306652 0.000000 0.476729 0.000000 2.653959 2.874516 4.829808 13.779372 0.000000 0.000000
0.000000 0.000000 0.000000 0.000000 4.345956 3.580870 0.000000 0.720712 0.000000 4.867263 0.000000 0.000000 4.942091 0.000000 0.000000 0.000000 0.000000 2.871847 3.993814 0.000000 0.000000 0.000000 0.000000 0.000000 0.000000 0.000000 2.036103 0.000000 0.324507 0.000000 0.000000 0.000000 0.000000 0.000000 0.000000 6.619997 0.000000 3.512393 0.000000 0.000000 3.429574 0.000000 0.000000 0.000000 4.611398 0.000000 0.000000 0.000000 0.000000 0.000000 1.934327 0.000000 0.000000 0.000000 4.137078 0.000000 0.575236 0.000000 4.078325 2.297693 1.580994 3.402692 0.000000 0.000000
0.000000 0.000000 0.000000 0.000000 2.768652 0.905683 0.000000 1.008940 0.000000 4.025345 1.630463 0.000000 5.179698 0.000000 0.000000 0.000000 0.000000 2.350697 3.196687 0.000000 0.000000 0.000000 0.000000 0.000000 0.000000 0.000000 1.589046 0.000000 0.000000 0.000000 0.000000 0.000000 0.000000 0.000000 0.000000 6.139482 0.000000 3.152169 0.000000 0.000000 2.169493 0.000000 0.000000 0.000000 1.667958 0.000000 0.000000 0.000000 0.000000 0.000000 2.595946 0.000000 0.000000 0.000000 2.986709 0.000000 0.000000 0.000000 4.102818 0.000000 6.304154 1.639262 4.584000 0.000000
0.000000 0.000000 0.000000 0.000000 8.839536 8.360119 0.000000 3.023040 0.000000 3.901199 0.000000 0.000000 5.439878 0.000000 0.000000 0.000000 0.000000 4.870279 3.589238 3.464694 0.000000 0.000000 0.000000 0.000000 0.000000 0.000000 4.693744 1.154792 0.408674 0.000000 0.000000 0.000000 0.000000 0.000000 0.000000 6.370757 0.000000 7.302973 0.000000 0.000000 6.293115 0.000000 0.000000 0.000000 4.198581 0.000000 0.000000 0.000000 0.000000 0.000000 0.901666 0.000000 0.000000 0.000000 4.937049 0.000000 1.753377 0.000000 3.875334 3.434743 1.625325 8.056354 0.000000 0.000000
0.000000 0.000000 0.000000 0.000000 11.249771 10.857923 0.000000 4.954000 0.000000 2.557275 0.000000 0.000000 5.664568 0.000000 0.000000 0.000000 0.000000 6.841253 2.639496 5.812781 0.000000 0.000000 0.000000 0.000000 0.000000 0.000000 6.346416 3.421917 2.237422 0.000000 0.000000 0.000000 0.000000 0.000000 0.000000 6.209752 0.000000 10.153946 0.000000 0.000000 8.780673 0.000000 0.000000 0.000000 2.573223 0.000000 0.000000 0.000000 1.576674 0.000000 1.381746 0.000000 0.000000 0.000000 4.260044 0.000000 0.262508 0.000000 3.979791 1.631717 3.721193 10.337222 0.000000 0.000000
0.000000 0.000000 0.000000 0.000000 19.150999 19.021721 0.000000 9.217639 0.000000 0.645565 0.000000 0.243137 6.294949 0.000000 0.000000 0.000000 0.000000 11.001900 0.877489 12.775235 0.000000 0.000000 0.000000 0.000000 0.000000 0.000000 11.886732 6.309244 2.227145 0.000000 0.000000 0.000000 1.070716 0.000000 0.000000 6.214384 3.584790 16.993805 0.000000 0.000000 14.275939 0.000000 0.000000 0.000000 0.285028 0.000000 0.000000 0.000000 8.907532 0.000000 0.541498 0.000000 0.000000 0.000000 5.614279 0.000000 1.536993 0.000000 3.397387 3.599105 4.574620 18.219666 0.000000 0.000000
0.000000 0.000000 0.000000 0.000000 0.382561 0.000000 0.000000 0.000000 0.000000 5.573943 1.180489 0.000000 5.738641 0.000000 0.000000 0.000000 0.000000 1.313251 5.064283 0.000000 0.000000 0.000000 0.000000 0.000000 0.000000 0.000000 0.425774 0.000000 0.000000 0.000000 0.000000 0.000000 0.000000 0.000000 0.000000 6.839673 0.000000 1.187258 0.000000 0.000000 0.393839 0.000000 0.000000 0.000000 4.617095 0.000000 0.000000 0.000000 0.000000 1.648169 2.879329 0.000000 0.000000 0.000000 4.009590 0.000000 0.000000 0.000000 4.874779 0.000000 2.921273 0.292820 3.702722 0.000000
0.000000 0.000000 0.000000 0.000000 6.374345 7.602276 0.000000 1.821831 0.000000 3.691314 0.000000 0.000000 3.251832 0.000000 0.000000 0.000000 0.000000 2.392309 2.740047 2.560766 0.000000 0.000000 0.000000 0.000000 0.000000 0.000000 4.013638 0.000000 0.000000 0.000000 0.000000 0.000000 2.212971 0.000000 0.000000 3.776339 0.000000 5.859817 0.000000 0.000000 3.908847 0.000000 0.000000 0.000000 2.804775 0.000000 0.000000 0.000000 0.000000 0.000000 0.000000 0.000000 0.000000 0.000000 4.877304 0.000000 2.623127 0.000000 0.714031 8.141891 1.477394 7.683896 0.000000 0.000000
0.000000 0.000000 0.000000 0.000000 3.136560 0.769262 0.000000 1.458745 0.000000 3.856330 2.650616 0.000000 5.755997 0.000000 0.000000 0.000000 0.000000 2.547298 3.255294 0.000000 0.000000 0.000000 0.000000 0.000000 0.000000 0.000000 1.871657 0.000000 0.000000 0.000000 0.000000 0.000000 0.000000 0.000000 0.000000 6.381711 0.000000 3.497484 0.000000 0.000000 2.183064 0.000000 0.000000 0.000000 1.119382 0.000000 0.000000 0.000000 0.000000 0.000000 2.765095 0.000000 0.000000 0.000000 3.127600 0.000000 0.000000 0.000000 4.523390 0.000000 7.457435 1.811432 6.139233 0.000000
0.000000 0.000000 0.000000 0.000000 14.593232 15.152134 0.000000 6.912084 0.000000 1.094824 0.000000 0.000000 5.180512 0.000000 0.000000 0.000000 0.000000 8.421041 1.323063 9.329805 0.000000 0.000000 0.000000 0.000000 0.000000 0.000000 8.891912 4.640830 1.240191 0.000000 0.000000 0.000000 1.723520 0.000000 0.000000 5.294561 1.848007 13.479332 0.000000 0.000000 11.076995 0.000000 0.000000 0.000000 0.776324 0.000000 0.000000 0.000000 5.636814 0.000000 0.221738 0.000000 0.000000 0.000000 4.749869 0.000000 1.071247 0.000000 2.638005 3.649441 4.341404 14.513577 0.000000 0.000000
0.000000 0.000000 0.000000 0.000000 8.646124 7.899642 0.000000 2.970652 0.000000 3.990112 0.000000 0.000000 5.596328 0.000000 0.000000 0.000000 0.000000 4.983181 3.720842 3.137347 0.000000 0.000000 0.000000 0.000000 0.000000 0.000000 4.523899 1.279243 1.009805 0.000000 0.000000 0.000000 0.000000 0.000000 0.000000 6.685539 0.000000 7.121561 0.000000 0.000000 6.351768 0.000000 0.000000 0.000000 4.312311 0.000000 0.000000 0.000000 0.000000 0.000000 1.323236 0.000000 0.000000 0.000000 4.784877 0.000000 1.340643 0.000000 4.248576 2.507427 1.773944 7.564603 0.000000 0.000000
0.000000 0.000000 0.000000 0.000000 23.395779 22.014700 0.000000 12.085598 0.000000 0.000000 0.000000 3.186070 7.415318 0.000000 0.000000 2.759246 0.000000 13.829223 0.000000 15.961961 0.000000 0.000000 0.000000 0.000000 0.000000 0.000000 14.056905 9.136368 5.270628 0.000000 0.000000 0.000000 0.684918 0.000000 0.000000 7.036119 5.600829 20.459280 0.000000 0.000000 17.671364 0.000000 0.000000 0.000000 0.000000 0.000000 0.000000 0.000000 11.893188 0.000000 1.457329 0.000000 0.000000 0.000000 5.222514 0.000000 0.000000 0.000000 4.525199 0.559301 7.487422 20.969700 0.000000 0.000000
0.000000 0.000000 0.000000 0.000000 1.979658 0.139835 0.000000 0.668696 0.000000 3.834711 1.766149 0.000000 4.517428 0.000000 0.000000 0.000000 0.000000 1.668185 2.776507 0.000000 0.000000 0.000000 0.000000 0.000000 0.000000 0.000000 0.899535 0.000000 0.000000 0.000000 0.000000 0.000000 0.000000 0.000000 0.000000 5.617904 0.000000 2.402014 0.000000 0.000000 1.581868 0.000000 0.000000 0.000000 1.118124 0.000000 0.000000 0.000000 0.000000 0.000000 2.275928 0.000000 0.000000 0.000000 2.498954 0.000000 0.000000 0.000000 3.502419 0.000000 6.836039 0.783824 4.646317 0.000000
0.000000 0.000000 0.000000 0.000000 7.720265 8.452960 0.000000 2.915241 0.000000 3.022014 0.000000 0.000000 4.083675 0.000000 0.000000 0.000000 0.000000 4.036880 2.661611 3.466991 0.000000 0.000000 0.000000 0.000000 0.000000 0.000000 4.431334 1.173378 0.000000 0.000000 0.000000 0.000000 1.259755 0.000000 0.000000 4.614917 0.000000 7.310258 0.000000 0.000000 5.664323 0.000000 0.000000 0.000000 2.619977 0.000000 0.000000 0.000000 0.000000 0.000000 0.000000 0.000000 0.000000 0.000000 4.199339 0.000000 1.163363 0.000000 2.044527 4.794882 2.789160 8.245004 0.000000 0.000000
0.000000 0.000000 0.000000 0.000000 12.978115 14.075541 0.000000 5.864870 0.000000 1.386608 0.000000 0.000000 4.189665 0.000000 0.000000 0.000000 0.000000 6.972500 1.232237 8.274318 0.000000 0.000000 0.000000 0.000000 0.000000 0.000000 8.114347 3.441953 0.000000 0.000000 0.000000 0.000000 2.735507 0.000000 0.000000 4.419683 0.364880 12.133788 0.000000 0.000000 9.606706 0.000000 0.000000 0.000000 0.641074 0.000000 0.000000 0.000000 4.870400 0.000000 0.000000 0.000000 0.000000 0.000000 4.766928 0.000000 1.556080 0.000000 1.455925 5.596641 3.830014 13.517229 0.000000 0.000000
0.000000 0.000000 0.000000 0.000000 1.100460 0.000000 0.000000 0.108770 0.000000 5.299206 3.063754 0.000000 6.971714 0.000000 0.000000 0.000000 0.000000 2.042147 5.319493 0.000000 0.000000 0.000000 0.000000 0.000000 0.000000 0.000000 1.307882 0.000000 0.000000 0.000000 0.000000 0.000000 0.000000 0.000000 0.000000 7.280622 0.000000 2.321143 0.000000 0.000000 0.689161 0.000000 0.000000 0.000000 3.711931 0.000000 0.000000 0.000000 0.000000 1.591647 3.440506 0.000000 0.000000 0.000000 4.192706 0.000000 0.000000 0.000000 5.793141 0.000000 5.061584 0.915988 6.666499 0.000000
0.000000 0.000000 0.000000 0.000000 31.361263 28.514235 0.000000 15.987608 0.000000 0.000000 0.000000 6.116736 9.811312 0.000000 0.000000 2.536776 0.000000 18.536051 0.000000 21.751797 0.000000 0.000000 0.000000 0.000000 0.000000 0.000000 19.276924 11.961149 7.693571 0.000000 0.000000 0.000000 0.000000 0.000000 0.000000 9.186361 8.854652 26.373789 0.000000 0.000000 23.336809 0.000000 0.000000 0.000000 0.000000 0.000000 0.000000 0.000000 17.229689 0.000000 2.474264 0.000000 0.000000 0.000000 6.913280 0.000000 0.833890 0.000000 6.537556 0.127273 7.158959 27.222078 0.000000 0.000000
0.000000 0.000000 0.000000 0.000000 0.940120 0.000000 0.000000 0.000000 0.000000 5.845431 1.617028 0.000000 6.706109 0.000000 0.000000 0.000000 0.000000 1.782736 5.685043 0.000000 0.000000 0.000000 0.000000 0.000000 0.000000 0.000000 0.914428 0.000000 0.000000 0.000000 0.000000 0.000000 0.000000 0.000000 0.000000 7.543934 0.000000 1.656382 0.000000 0.000000 0.582241 0.000000 0.000000 0.000000 5.153762 0.000000 0.000000 0.000000 0.000000 1.042040 3.238804 0.000000 0.000000 0.000000 4.662689 0.000000 0.013592 0.000000 5.735761 0.000000 2.733904 0.864199 4.475222 0.000000
0.000000 0.000000 0.000000 0.000000 0.541070 0.000000 0.000000 0.000000 0.000000 5.083132 1.549395 0.000000 5.421274 0.000000 0.000000 0.000000 0.000000 1.419389 4.481200 0.000000 0.000000 0.000000 0.000000 0.000000 0.000000 0.000000 0.563867 0.000000 0.000000 0.000000 0.000000 0.000000 0.000000 0.000000 0.000000 6.407927 0.000000 1.579208 0.000000 0.000000 0.626812 0.000000 0.000000 0.000000 3.568286 0.000000 0.000000 0.000000 0.000000 1.466006 2.823430 0.000000 0.000000 0.000000 3.454734 0.000000 0.000000 0.000000 4.507357 0.000000 4.231434 0.317134 4.282515 0.000000
0.000000 0.000000 0.000000 0.000000 0.939351 0.000000 0.000000 0.068471 0.000000 4.482479 2.338260 0.000000 5.224384 0.000000 0.000000 0.000000 0.000000 1.379716 3.786676 0.000000 0.000000 0.000000 0.000000 0.000000 0.000000 0.000000 0.614752 0.000000 0.000000 0.000000 0.000000 0.000000 0.000000 0.000000 0.000000 6.071576 0.000000 1.810141 0.000000 0.000000 0.741729 0.000000 0.000000 0.000000 2.168710 0.000000 0.000000 0.000000 0.000000 1.711811 2.632670 0.000000 0.000000 0.000000 3.013872 0.000000 0.000000 0.000000 4.193647 0.000000 6.065672 0.259973 5.434202 0.000000
0.000000 0.000000 0.000000 0.000000 0.641894 0.000000 0.000000 0.000000 0.000000 4.483827 2.783010 0.000000 5.308628 0.000000 0.000000 0.000000 0.000000 1.187327 3.861060 0.000000 0.000000 0.000000 0.000000 0.000000 0.000000 0.000000 0.472893 0.000000 0.000000 0.000000 0.000000 0.000000 0.000000 0.000000 0.000000 6.060532 0.000000 1.575452 0.000000 0.000000 0.436817 0.000000 0.000000 0.000000 2.014195 0.000000 0.000000 0.000000 0.000000 2.677490 2.642889 0.000000 0.000000 0.000000 3.022083 0.000000 0.000000 0.000000 4.243896 0.000000 6.371808 0.000000 6.013746 0.000000
0.000000 0.000000 0.000000 0.000000 4.161139 3.574361 0.000000 0.391004 0.000000 5.168908 0.000000 0.000000 4.948389 0.000000 0.000000 0.000000 0.000000 2.529225 4.470188 0.000000 0.000000 0.000000 0.000000 0.000000 0.000000 0.000000 1.745295 0.000000 0.031501 0.000000 0.000000 0.000000 0.000000 0.000000 0.000000 6.644919 0.000000 3.141425 0.000000 0.000000 3.090222 0.000000 0.000000 0.000000 5.411234 0.000000 0.000000 0.000000 0.000000 0.000000 1.579855 0.000000 0.000000 0.000000 4.487606 0.000000 1.344169 0.000000 4.108074 2.780373 0.661042 3.398986 0.000000 0.000000
0.000000 0.000000 0.000000 0.000000 27.819033 25.300875 0.000000 14.473525 0.000000 0.000000 0.000000 5.410083 9.011980 0.000000 0.000000 5.193827 0.000000 16.717714 0.000000 19.044464 0.000000 0.000000 0.000000 0.000000 0.000000 0.000000 16.674940 11.215926 7.821721 0.000000 0.000000 0.000000 0.000000 0.000000 0.000000 8.493001 7.652445 23.845659 0.000000 0.000000 21.001371 0.000000 0.000000 0.000000 0.000000 0.000000 0.000000 0.000000 14.562900 0.000000 2.489077 0.000000 0.000000 0.000000 5.767923 0.000000 0.000000 0.000000 6.096223 0.000000 8.240362 24.057812 0.000000 0.000000
0.000000 0.000000 0.000000 0.000000 0.577192 0.000000 0.000000 0.000000 0.000000 5.384057 1.175326 0.000000 5.622758 0.000000 0.000000 0.000000 0.000000 1.458051 4.828317 0.000000 0.000000 0.000000 0.000000 0.000000 0.000000 0.000000 0.563302 0.000000 0.000000 0.000000 0.000000 0.000000 0.000000 0.000000 0.000000 6.707440 0.000000 1.464054 0.000000 0.000000 0.615532 0.000000 0.000000 0.000000 4.280291 0.000000 0.000000 0.000000 0.000000 1.176343 2.882913 0.000000 0.000000 0.000000 3.812720 0.000000 0.000000 0.000000 4.752066 0.000000 3.309514 0.437969 3.744007 0.000000
0.000000 0.000000 0.000000 0.000000 13.483298 13.632617 0.000000 5.399125 0.000000 3.044816 0.000000 0.000000 5.332528 0.000000 0.000000 0.000000 0.000000 6.599104 2.314639 7.893601 0.000000 0.000000 0.000000 0.000000 0.000000 0.000000 8.487309 1.876372 0.000000 0.000000 0.000000 0.000000 0.851288 0.000000 0.000000 5.583081 0.000000 11.176547 0.000000 0.000000 8.816957 0.000000 0.000000 0.000000 2.635234 0.000000 0.000000 0.000000 3.555632 0.000000 0.000000 0.000000 0.000000 0.000000 6.437239 0.000000 3.815836 0.000000 2.372161 7.850472 1.283438 13.476389 0.000000 0.000000
0.000000 0.000000 0.000000 0.000000 3.564724 2.862110 0.000000 0.559639 0.000000 4.643939 0.000000 0.000000 4.533701 0.000000 0.000000 0.000000 0.000000 2.550864 3.624721 0.000000 0.000000 0.000000 0.000000 0.000000 0.000000 0.000000 1.711658 0.000000 0.027238 0.000000 0.000000 0.000000 0.000000 0.000000 0.000000 6.151935 0.000000 3.203221 0.000000 0.000000 3.068051 0.000000 0.000000 0.000000 3.941785 0.000000 0.000000 0.000000 0.000000 0.000000 1.977736 0.000000 0.000000 0.000000 3.546654 0.000000 0.000000 0.000000 3.678894 2.066849 2.432862 2.744931 0.154242 0.000000
0.000000 0.000000 0.000000 0.000000 4.244018 2.863524 0.000000 1.247168 0.000000 4.521046 0.000000 0.000000 5.270572 0.000000 0.000000 0.000000 0.000000 3.281252 3.520314 0.000000 0.000000 0.000000 0.000000 0.000000 0.000000 0.000000 2.589395 0.134141 0.100216 0.000000 0.000000 0.000000 0.000000 0.000000 0.000000 6.529312 0.000000 3.970604 0.000000 0.000000 3.526767 0.000000 0.000000 0.000000 3.121354 0.000000 0.000000 0.000000 0.000000 0.000000 2.579617 0.000000 0.000000 0.000000 3.613244 0.000000 0.000000 0.000000 4.225937 0.612415 3.853292 3.122285 1.842526 0.000000
0.000000 0.000000 0.000000 0.000000 4.266879 4.577243 0.000000 0.973540 0.000000 4.028457 0.000000 0.000000 3.975754 0.000000 0.000000 0.000000 0.000000 2.280546 3.582399 0.225231 0.000000 0.000000 0.000000 0.000000 0.000000 0.000000 1.859314 0.000000 0.000000 0.000000 0.000000 0.000000 0.035774 0.000000 0.000000 4.947657 0.000000 4.108555 0.000000 0.000000 3.306278 0.000000 0.000000 0.000000 3.885787 0.000000 0.000000 0.000000 0.000000 0.000000 0.489220 0.000000 0.000000 0.000000 3.592652 0.000000 0.483905 0.000000 2.665619 3.432896 2.326492 4.422165 0.000000 0.000000
0.000000 0.000000 0.000000 0.000000 2.356719 0.000000 0.000000 1.008297 0.000000 5.235507 4.041904 0.000000 8.207567 0.000000 0.000000 0.000000 0.000000 2.952737 5.729865 0.000000 0.000000 0.000000 0.000000 0.000000 0.000000 0.000000 2.326403 0.000000 0.000000 0.000000 0.000000 0.000000 0.000000 0.000000 0.000000 8.001679 0.000000 3.499418 0.000000 0.000000 1.346958 0.000000 0.000000 0.000000 3.542566 0.000000 0.000000 0.000000 0.000000 0.137960 3.899841 0.000000 0.000000 0.000000 4.772419 0.000000 0.000000 0.000000 6.786747 0.000000 5.925088 1.997470 8.316844 0.000000
0.000000 0.000000 0.000000 0.000000 20.622532 20.193308 0.000000 9.975805 0.000000 0.536534 0.000000 0.874995 6.800056 0.000000 0.000000 0.000000 0.000000 11.921637 0.824204 13.831567 0.000000 0.000000 0.000000 0.000000 0.000000 0.000000 12.807195 6.909837 2.877978 0.000000 0.000000 0.000000 0.644172 0.000000 0.000000 6.654615 4.259885 18.113602 0.000000 0.000000 15.345036 0.000000 0.000000 0.000000 0.261104 0.000000 0.000000 0.000000 9.840408 0.000000 0.793864 0.000000 0.000000 0.000000 5.882260 0.000000 1.637061 0.000000 3.846012 3.282076 4.635702 19.344555 0.000000 0.000000
0.000000 0.000000 0.000000 0.000000 4.328043 4.230539 0.000000 0.974551 0.000000 4.227206 0.000000 0.000000 4.282785 0.000000 0.000000 0.000000 0.000000 2.521204 3.769170 0.014834 0.000000 0.000000 0.000000 0.000000 0.000000 0.000000 1.855180 0.023935 0.000000 0.000000 0.000000 0.000000 0.000000 0.000000 0.000000 5.454695 0.000000 4.018806 0.000000 0.000000 3.475215 0.000000 0.000000 0.000000 4.120650 0.000000 0.000000 0.000000 0.000000 0.000000 0.986364 0.000000 0.000000 0.000000 3.596369 0.000000 0.232358 0.000000 3.191718 2.580166 2.298568 4.042223 0.000000 0.000000
0.000000 0.000000 0.000000 0.000000 7.851685 8.040504 0.000000 2.542756 0.000000 3.829652 0.000000 0.000000 4.624449 0.000000 0.000000 0.000000 0.000000 3.868161 3.257033 3.105049 0.000000 0.000000 0.000000 0.000000 0.000000 0.000000 4.365007 0.457018 0.000000 0.000000 0.000000 0.000000 0.147077 0.000000 0.000000 5.330670 0.000000 6.685130 0.000000 0.000000 5.292847 0.000000 0.000000 0.000000 3.716735 0.000000 0.000000 0.000000 0.000000 0.000000 0.000000 0.000000 0.000000 0.000000 4.903069 0.000000 2.133907 0.000000 2.659311 5.394468 1.542793 7.910336 0.000000 0.000000
0.000000 0.000000 0.000000 0.000000 6.268832 5.569515 0.000000 1.592446 0.000000 4.628517 0.000000 0.000000 5.256057 0.000000 0.000000 0.000000 0.000000 3.662171 4.164826 1.089794 0.000000 0.000000 0.000000 0.000000 0.000000 0.000000 3.007926 0.156751 0.510007 0.000000 0.000000 0.000000 0.000000 0.000000 0.000000 6.684133 0.000000 4.985008 0.000000 0.000000 4.615353 0.000000 0.000000 0.000000 4.960896 0.000000 0.000000 0.000000 0.000000 0.000000 1.444164 0.000000 0.000000 0.000000 4.625593 0.000000 1.347322 0.000000 4.202973 2.563169 1.157787 5.319349 0.000000 0.000000
0.000000 0.000000 0.000000 0.000000 4.279654 3.823928 0.000000 0.656241 0.000000 4.760818 0.000000 0.000000 4.662480 0.000000 0.000000 0.000000 0.000000 2.515981 4.152433 0.000000 0.000000 0.000000 0.000000 0.000000 0.000000 0.000000 1.785810 0.000000 0.000000 0.000000 0.000000 0.000000 0.000000 0.000000 0.000000 6.157371 0.000000 3.514632 0.000000 0.000000 3.262855 0.000000 0.000000 0.000000 4.843599 0.000000 0.000000 0.000000 0.000000 0.000000 1.318963 0.000000 0.000000 0.000000 4.096283 0.000000 0.846730 0.000000 3.724381 2.654078 1.395258 3.645950 0.000000 0.000000
0.000000 0.000000 0.000000 0.000000 18.234678 17.871517 0.000000 9.422941 0.000000 0.000000 0.000000 1.066239 5.895591 0.000000 0.000000 1.767710 0.000000 10.782243 0.191448 12.217560 0.000000 0.000000 0.000000 0.000000 0.000000 0.000000 10.822842 7.086241 3.445136 0.000000 0.000000 0.000000 1.789212 0.000000 0.000000 5.714471 3.493752 16.529270 0.000000 0.000000 13.995851 0.000000 0.000000 0.000000 0.000000 0.000000 0.000000 0.000000 8.467088 0.000000 0.760690 0.000000 0.000000 0.000000 4.349759 0.000000 0.000000 0.000000 3.272240 1.389873 6.984177 17.027822 0.000000 0.000000
0.000000 0.000000 0.000000 0.000000 4.188560 4.070741 0.000000 0.383437 0.000000 4.938627 0.000000 0.000000 4.474623 0.000000 0.000000 0.000000 0.000000 2.029908 4.376577 0.000000 0.000000 0.000000 0.000000 0.000000 0.000000 0.000000 1.673099 0.000000 0.000000 0.000000 0.000000 0.000000 0.000000 0.000000 0.000000 5.796297 0.000000 3.258882 0.000000 0.000000 2.791423 0.000000 0.000000 0.000000 5.288474 0.000000 0.000000 0.000000 0.000000 0.000000 0.594652 0.000000 0.000000 0.000000 4.488867 0.000000 1.789139 0.000000 3.319085 3.999725 0.626221 3.972841 0.000000 0.000000
0.000000 0.000000 0.000000 0.000000 2.428450 0.566752 0.000000 0.884701 0.000000 3.780739 1.603830 0.000000 4.603623 0.000000 0.000000 0.000000 0.000000 1.948665 2.731977 0.000000 0.000000 0.000000 0.000000 0.000000 0.000000 0.000000 1.179992 0.000000 0.000000 0.000000 0.000000 0.000000 0.000000 0.000000 0.000000 5.708443 0.000000 2.758926 0.000000 0.000000 1.932165 0.000000 0.000000 0.000000 1.116536 0.000000 0.000000 0.000000 0.000000 0.000000 2.318112 0.000000 0.000000 0.000000 2.567393 0.000000 0.000000 0.000000 3.573488 0.000000 6.781677 1.164849 4.462185 0.000000
0.000000 0.000000 0.000000 0.000000 1.456883 0.057594 0.000000 0.085096 0.000000 4.841677 1.512640 0.000000 5.562445 0.000000 0.000000 0.000000 0.000000 1.923322 4.242297 0.000000 0.000000 0.000000 0.000000 0.000000 0.000000 0.000000 1.097851 0.000000 0.000000 0.000000 0.000000 0.000000 0.000000 0.000000 0.000000 6.489543 0.000000 2.298678 0.000000 0.000000 1.284394 0.000000 0.000000 0.000000 3.200007 0.000000 0.000000 0.000000 0.000000 0.000000 2.859292 0.000000 0.000000 0.000000 3.466202 0.000000 0.000000 0.000000 4.577552 0.000000 4.665000 0.994482 4.333813 0.000000
0.000000 0.000000 0.000000 0.000000 5.303348 4.289100 0.000000 1.453441 0.000000 4.482776 0.000000 0.000000 5.143836 0.000000 0.000000 0.000000 0.000000 3.694094 3.529224 0.426368 0.000000 0.000000 0.000000 0.000000 0.000000 0.000000 2.867605 0.488999 0.779996 0.000000 0.000000 0.000000 0.000000 0.000000 0.000000 6.714887 0.000000 4.559773 0.000000 0.000000 4.323195 0.000000 0.000000 0.000000 3.822479 0.000000 0.000000 0.000000 0.000000 0.000000 2.317112 0.000000 0.000000 0.000000 3.934373 0.000000 0.000000 0.000000 4.199425 1.704333 2.518047 4.127550 0.032586 0.000000
0.000000 0.000000 0.000000 0.000000 0.000000 0.000000 0.000000 0.000000 0.000000 4.758259 2.194807 0.000000 4.782716 0.000000 0.000000 0.000000 0.000000 0.788528 4.089709 0.000000 0.000000 0.362087 0.000000 0.000000 0.000000 0.000000 0.212438 0.000000 0.000000 0.000000 0.000000 0.000000 0.000000 0.000000 0.000000 5.908189 0.000000 0.822613 0.000000 0.000000 0.135144 0.000000 0.000000 0.000000 2.600929 0.000000 0.000000 0.000000 0.000000 3.556090 2.530912 0.000000 0.000000 0.000000 3.162736 0.000000 0.000000 0.000000 3.878667 0.000000 4.798168 0.000000 4.692880 0.000000
0.000000 0.000000 0.000000 0.000000 11.521520 12.894508 0.000000 5.019037 0.000000 1.651607 0.000000 0.000000 3.686495 0.000000 0.000000 0.000000 0.000000 5.953237 1.346091 7.190640 0.000000 0.000000 0.000000 0.000000 0.000000 0.000000 7.254626 2.649131 0.000000 0.000000 0.000000 0.000000 3.106789 0.000000 0.000000 4.000632 0.000000 10.931304 0.000000 0.000000 8.438191 0.000000 0.000000 0.000000 0.786925 0.000000 0.000000 0.000000 3.884384 0.000000 0.000000 0.000000 0.000000 0.000000 4.654021 0.000000 1.696045 0.000000 0.960140 6.310561 3.512292 12.410255 0.000000 0.000000
0.000000 0.000000 0.000000 0.000000 2.619444 1.822075 0.000000 0.169450 0.000000 4.758616 0.000000 0.000000 4.464304 0.000000 0.000000 0.000000 0.000000 2.166116 3.613149 0.000000 0.000000 0.000000 0.000000 0.000000 0.000000 0.000000 1.311700 0.000000 0.000000 0.000000 0.000000 0.000000 0.000000 0.000000 0.000000 6.081414 0.000000 2.560868 0.000000 0.000000 2.410875 0.000000 0.000000 0.000000 3.702317 0.000000 0.000000 0.000000 0.000000 0.000000 2.180986 0.000000 0.000000 0.000000 3.344455 0.000000 0.000000 0.000000 3.642895 1.767454 2.848716 1.866355 0.845831 0.000000
0.000000 0.000000 0.000000 0.000000 12.100067 13.258567 0.000000 5.300129 0.000000 1.717434 0.000000 0.000000 4.065655 0.000000 0.000000 0.000000 0.000000 6.347081 1.460545 7.517255 0.000000 0.000000 0.000000 0.000000 0.000000 0.000000 7.604720 2.844827 0.000000 0.000000 0.000000 0.000000 2.687065 0.000000 0.000000 4.334282 0.000000 11.325799 0.000000 0.000000 8.827199 0.000000 0.000000 0.000000 0.955294 0.000000 0.000000 0.000000 4.073374 0.000000 0.000000 0.000000 0.000000 0.000000 4.837684 0.000000 1.791782 0.000000 1.330463 6.029806 3.437957 12.796226 0.000000 0.000000
0.000000 0.000000 0.000000 0.000000 20.724527 19.429268 0.000000 10.852196 0.000000 0.000000 0.000000 2.565274 7.090951 0.000000 0.000000 4.182229 0.000000 12.591205 0.174189 13.793733 0.000000 0.000000 0.000000 0.000000 0.000000 0.000000 12.181371 8.470158 5.564606 0.000000 0.000000 0.000000 0.521210 0.000000 0.000000 6.826570 4.623781 18.421307 0.000000 0.000000 15.964118 0.000000 0.000000 0.000000 0.000000 0.000000 0.000000 0.000000 9.675861 0.000000 1.703744 0.000000 0.000000 0.000000 4.524845 0.000000 0.000000 0.000000 4.596997 0.000000 7.737479 18.484165 0.000000 0.000000
0.000000 0.000000 0.000000 0.000000 0.463269 0.000000 0.000000 0.000000 0.000000 5.331533 1.468676 0.000000 5.660850 0.000000 0.000000 0.000000 0.000000 1.423389 4.815066 0.000000 0.000000 0.000000 0.000000 0.000000 0.000000 0.000000 0.561123 0.000000 0.000000 0.000000 0.000000 0.000000 0.000000 0.000000 0.000000 6.644070 0.000000 1.466102 0.000000 0.000000 0.527425 0.000000 0.000000 0.000000 4.075807 0.000000 0.000000 0.000000 0.000000 1.555803 2.908844 0.000000 0.000000 0.000000 3.734634 0.000000 0.000000 0.000000 4.754268 0.000000 3.669939 0.341943 4.160927 0.000000
0.000000 0.000000 0.000000 0.000000 21.233976 20.083683 0.000000 11.074805 0.000000 0.000000 0.000000 2.543048 6.951434 0.000000 0.000000 3.326452 0.000000 12.689525 0.000000 14.311330 0.000000 0.000000 0.000000 0.000000 0.000000 0.000000 12.590133 8.489596 5.051242 0.000000 0.000000 0.000000 0.921173 0.000000 0.000000 6.639853 4.753910 18.822615 0.000000 0.000000 16.211346 0.000000 0.000000 0.000000 0.000000 0.000000 0.000000 0.000000 10.290984 0.000000 1.401154 0.000000 0.000000 0.000000 4.701262 0.000000 0.000000 0.000000 4.272516 0.178710 7.651705 19.126333 0.000000 0.000000
0.000000 0.000000 0.000000 0.000000 13.710307 14.207482 0.000000 5.983789 0.000000 2.055812 0.000000 0.000000 5.046810 0.000000 0.000000 0.000000 0.000000 7.293882 1.777810 8.398655 0.000000 0.000000 0.000000 0.000000 0.000000 0.000000 8.601995 3.196828 0.000000 0.000000 0.000000 0.000000 1.508797 0.000000 0.000000 5.230095 0.000000 12.261889 0.000000 0.000000 9.791585 0.000000 0.000000 0.000000 1.490423 0.000000 0.000000 0.000000 4.553347 0.000000 0.000000 0.000000 0.000000 0.000000 5.460817 0.000000 2.248814 0.000000 2.250910 5.748803 3.008309 13.813374 0.000000 0.000000
0.000000 0.000000 0.000000 0.000000 0.717765 0.000000 0.000000 0.000000 0.000000 5.233610 1.051184 0.000000 5.417575 0.000000 0.000000 0.000000 0.000000 1.507434 4.591066 0.000000 0.000000 0.000000 0.000000 0.000000 0.000000 0.000000 0.612344 0.000000 0.000000 0.000000 0.000000 0.000000 0.000000 0.000000 0.000000 6.544642 0.000000 1.591380 0.000000 0.000000 0.782033 0.000000 0.000000 0.000000 4.020690 0.000000 0.000000 0.000000 0.000000 0.801247 2.809832 0.000000 0.000000 0.000000 3.633505 0.000000 0.000000 0.000000 4.553176 0.000000 3.514416 0.510477 3.570332 0.000000
0.000000 0.000000 0.000000 0.000000 10.376164 10.876839 0.000000 3.990878 0.000000 3.087692 0.000000 0.000000 4.616670 0.000000 0.000000 0.000000 0.000000 5.138309 2.518104 5.502434 0.000000 0.000000 0.000000 0.000000 0.000000 0.000000 6.353539 1.389580 0.000000 0.000000 0.000000 0.000000 1.135536 0.000000 0.000000 5.014825 0.000000 9.100933 0.000000 0.000000 7.059515 0.000000 0.000000 0.000000 2.607997 0.000000 0.000000 0.000000 1.442032 0.000000 0.000000 0.000000 0.000000 0.000000 5.314076 0.000000 2.515816 0.000000 2.083933 6.432725 2.004173 10.711938 0.000000 0.000000
0.000000 0.000000 0.000000 0.000000 18.266018 18.499886 0.000000 8.644456 0.000000 0.762527 0.000000 0.000000 5.674828 0.000000 0.000000 0.000000 0.000000 10.199247 0.776963 12.251481 0.000000 0.000000 0.000000 0.000000 0.000000 0.000000 11.468432 5.653895 0.889466 0.000000 0.000000 0.000000 1.750411 0.000000 0.000000 5.670020 2.850610 16.274851 0.000000 0.000000 13.477242 0.000000 0.000000 0.000000 0.167354 0.000000 0.000000 0.000000 8.571233 0.000000 0.000000 0.000000 0.000000 0.000000 5.613490 0.000000 1.843346 0.000000 2.662725 4.795977 4.270018 17.728081 0.000000 0.000000
0.000000 0.000000 0.000000 0.000000 3.892541 3.705194 0.000000 0.913690 0.000000 4.143831 0.000000 0.000000 4.160967 0.000000 0.000000 0.000000 0.000000 2.479024 3.577444 0.000000 0.000000 0.000000 0.000000 0.000000 0.000000 0.000000 1.695063 0.205555 0.000000 0.000000 0.000000 0.000000 0.000000 0.000000 0.000000 5.386689 0.000000 3.831918 0.000000 0.000000 3.378995 0.000000 0.000000 0.000000 3.744529 0.000000 0.000000 0.000000 0.000000 0.000000 1.263931 0.000000 0.000000 0.000000 3.228357 0.000000 0.000000 0.000000 3.162750 2.079671 2.832429 3.518542 0.000000 0.000000
0.000000 0.000000 0.000000 0.000000 19.970993 19.699966 0.000000 9.652965 0.000000 0.545548 0.000000 0.581532 6.507081 0.000000 0.000000 0.000000 0.000000 11.486797 0.789594 13.392581 0.000000 0.000000 0.000000 0.000000 0.000000 0.000000 12.417052 6.644958 2.469389 0.000000 0.000000 0.000000 0.935354 0.000000 0.000000 6.384652 3.904947 17.634075 0.000000 0.000000 14.869360 0.000000 0.000000 0.000000 0.173895 0.000000 0.000000 0.000000 9.493576 0.000000 0.625416 0.000000 0.000000 0.000000 5.739943 0.000000 1.560515 0.000000 3.557897 3.496236 4.679683 18.869528 0.000000 0.000000
0.000000 0.000000 0.000000 0.000000 1.858868 0.000000 0.000000 0.704089 0.000000 4.794216 3.365494 0.000000 6.845718 0.000000 0.000000 0.000000 0.000000 2.284218 4.725131 0.000000 0.000000 0.000000 0.000000 0.000000 0.000000 0.000000 1.603037 0.000000 0.000000 0.000000 0.000000 0.000000 0.000000 0.000000 0.000000 7.104292 0.000000 2.832248 0.000000 0.000000 1.149347 0.000000 0.000000 0.000000 2.702399 0.000000 0.000000 0.000000 0.000000 0.724987 3.314085 0.000000 0.000000 0.000000 3.921648 0.000000 0.000000 0.000000 5.584991 0.000000 6.268870 1.261532 7.160090 0.000000
0.000000 0.000000 0.000000 0.000000 8.114497 8.110524 0.000000 2.757039 0.000000 3.729697 0.000000 0.000000 4.860721 0.000000 0.000000 0.000000 0.000000 4.249321 3.292258 3.220588 0.000000 0.000000 0.000000 0.000000 0.000000 0.000000 4.409765 0.877129 0.000000 0.000000 0.000000 0.000000 0.000000 0.000000 0.000000 5.615003 0.000000 6.953840 0.000000 0.000000 5.694955 0.000000 0.000000 0.000000 3.732765 0.000000 0.000000 0.000000 0.000000 0.000000 0.343647 0.000000 0.000000 0.000000 4.725570 0.000000 1.725788 0.000000 3.066075 4.433698 1.847581 7.897569 0.000000 0.000000
0.000000 0.000000 0.000000 0.000000 7.767410 7.698186 0.000000 2.571368 0.000000 3.819104 0.000000 0.000000 4.872907 0.000000 0.000000 0.000000 0.000000 4.111170 3.400861 2.876854 0.000000 0.000000 0.000000 0.000000 0.000000 0.000000 4.135938 0.792977 0.000000 0.000000 0.000000 0.000000 0.000000 0.000000 0.000000 5.690181 0.000000 6.644030 0.000000 0.000000 5.495965 0.000000 0.000000 0.000000 3.865504 0.000000 0.000000 0.000000 0.000000 0.000000 0.470086 0.000000 0.000000 0.000000 4.637025 0.000000 1.593329 0.000000 3.184421 4.124854 1.840839 7.476676 0.000000 0.000000
0.000000 0.000000 0.000000 0.000000 0.883060 0.000000 0.000000 0.000000 0.000000 5.338118 1.490005 0.000000 5.931764 0.000000 0.000000 0.000000 0.000000 1.717827 4.902831 0.000000 0.000000 0.000000 0.000000 0.000000 0.000000 0.000000 0.857753 0.000000 0.000000 0.000000 0.000000 0.000000 0.000000 0.000000 0.000000 6.847783 0.000000 1.826172 0.000000 0.000000 0.803498 0.000000 0.000000 0.000000 4.150637 0.000000 0.000000 0.000000 0.000000 0.806544 3.022070 0.000000 0.000000 0.000000 3.899236 0.000000 0.000000 0.000000 4.988371 0.000000 3.670147 0.716534 4.267444 0.000000
0.000000 0.000000 0.000000 0.000000 8.505948 8.003512 0.000000 2.870529 0.000000 3.951749 0.000000 0.000000 5.380807 0.000000 0.000000 0.000000 0.000000 4.709727 3.631052 3.174873 0.000000 0.000000 0.000000 0.000000 0.000000 0.000000 4.480778 1.072428 0.387960 0.000000 0.000000 0.000000 0.000000 0.000000 0.000000 6.344886 0.000000 7.038174 0.000000 0.000000 6.098284 0.000000 0.000000 0.000000 4.217695 0.000000 0.000000 0.000000 0.000000 0.000000 0.946807 0.000000 0.000000 0.000000 4.838062 0.000000 1.604347 0.000000 3.871500 3.268613 1.675343 7.710570 0.000000 0.000000
0.000000 0.000000 0.000000 0.000000 17.363459 17.023247 0.000000 9.010972 0.000000 0.000000 0.000000 0.892809 5.919185 0.000000 0.000000 2.345073 0.000000 10.464411 0.436398 11.481097 0.000000 0.000000 0.000000 0.000000 0.000000 0.000000 10.225921 6.884123 3.750041 0.000000 0.000000 0.000000 1.529940 0.000000 0.000000 5.762043 3.296947 15.881041 0.000000 0.000000 13.478361 0.000000 0.000000 0.000000 0.000000 0.000000 0.000000 0.000000 7.674030 0.000000 0.948698 0.000000 0.000000 0.000000 4.166572 0.000000 0.000000 0.000000 3.455667 0.884092 6.909135 16.229122 0.000000 0.000000
